   2.0570000e+03   2.0570000e+03
   2.0570000e+03   2.0570000e+03
   2.0570000e+03   2.0560000e+03
   2.0570000e+03   2.0570000e+03
   2.0570000e+03   2.0570000e+03
   2.0570000e+03   2.0570000e+03
   2.0580000e+03   2.0580000e+03
   2.0570000e+03   2.0570000e+03
   2.0570000e+03   2.0580000e+03
   2.0510000e+03   2.0580000e+03
   2.0570000e+03   2.0570000e+03
   2.0580000e+03   2.0570000e+03
   2.0570000e+03   2.0570000e+03
   2.0570000e+03   2.0570000e+03
   2.0570000e+03   2.0580000e+03
   2.0570000e+03   2.0580000e+03
   2.0580000e+03   2.0580000e+03
   2.0570000e+03   2.0570000e+03
   2.0570000e+03   2.0580000e+03
   2.0570000e+03   2.0570000e+03
   2.0570000e+03   2.0570000e+03
   2.0580000e+03   2.0560000e+03
   2.0570000e+03   2.0560000e+03
   2.0570000e+03   2.0560000e+03
   2.0580000e+03   2.0560000e+03
   2.0540000e+03   2.0560000e+03
   2.0580000e+03   2.0560000e+03
   2.0570000e+03   2.0550000e+03
   2.0570000e+03   2.0550000e+03
   2.0570000e+03   2.0540000e+03
   2.0570000e+03   2.0550000e+03
   2.0570000e+03   2.0550000e+03
   2.0570000e+03   2.0500000e+03
   2.0570000e+03   2.0540000e+03
   2.0580000e+03   2.0540000e+03
   2.0580000e+03   2.0550000e+03
   2.0570000e+03   2.0540000e+03
   2.0580000e+03   2.0540000e+03
   2.0570000e+03   2.0530000e+03
   2.0570000e+03   2.0530000e+03
   2.0570000e+03   2.0540000e+03
   2.0570000e+03   2.0540000e+03
   2.0570000e+03   2.0530000e+03
   2.0570000e+03   2.0540000e+03
   2.0570000e+03   2.0530000e+03
   2.0630000e+03   2.0530000e+03
   2.0560000e+03   2.0530000e+03
   2.0570000e+03   2.0530000e+03
   2.0580000e+03   1.9890000e+03
   2.0520000e+03   2.3110000e+03
   2.0660000e+03   2.5140000e+03
   2.0610000e+03   2.5670000e+03
   2.0620000e+03   2.5530000e+03
   2.0600000e+03   2.4050000e+03
   2.0570000e+03   2.1960000e+03
   2.0550000e+03   2.0320000e+03
   2.0540000e+03   2.0370000e+03
   2.0560000e+03   2.1200000e+03
   2.0570000e+03   2.1710000e+03
   2.0570000e+03   2.1550000e+03
   2.0560000e+03   2.0910000e+03
   2.0560000e+03   2.0340000e+03
   2.0560000e+03   2.0300000e+03
   2.0570000e+03   2.0820000e+03
   2.0580000e+03   2.1340000e+03
   2.0580000e+03   2.1500000e+03
   2.0580000e+03   2.1300000e+03
   2.0570000e+03   2.0880000e+03
   2.0560000e+03   2.0570000e+03
   2.0560000e+03   2.0430000e+03
   2.0570000e+03   2.0510000e+03
   2.0570000e+03   2.0780000e+03
   2.0570000e+03   2.0880000e+03
   2.0580000e+03   2.0890000e+03
   2.0580000e+03   2.0910000e+03
   2.0570000e+03   2.0910000e+03
   2.0580000e+03   2.0820000e+03
   2.0570000e+03   2.0730000e+03
   2.0580000e+03   2.0740000e+03
   2.0570000e+03   2.0860000e+03
   2.0570000e+03   2.0910000e+03
   2.0570000e+03   2.0930000e+03
   2.0580000e+03   2.0840000e+03
   2.0570000e+03   2.0800000e+03
   2.0580000e+03   2.0730000e+03
   2.0570000e+03   2.0670000e+03
   2.0570000e+03   2.0660000e+03
   2.0570000e+03   2.0720000e+03
   2.0580000e+03   2.0740000e+03
   2.0570000e+03   2.0700000e+03
   2.0580000e+03   2.0620000e+03
   2.0570000e+03   2.0580000e+03
   2.0580000e+03   2.0650000e+03
   2.0570000e+03   2.0710000e+03
   2.0580000e+03   2.0760000e+03
   2.0570000e+03   2.0740000e+03
   2.0580000e+03   2.0650000e+03
   2.0570000e+03   2.0570000e+03
   2.0580000e+03   2.0570000e+03
   2.0570000e+03   2.0660000e+03
   2.0580000e+03   2.0760000e+03
   2.0570000e+03   2.0780000e+03
   2.0570000e+03   2.0750000e+03
   2.0580000e+03   2.0680000e+03
   2.0580000e+03   2.0680000e+03
   2.0570000e+03   2.0690000e+03
   2.0580000e+03   2.0720000e+03
   2.0570000e+03   2.0730000e+03
   2.0580000e+03   2.0710000e+03
   2.0570000e+03   2.0650000e+03
   2.0580000e+03   2.0620000e+03
   2.0570000e+03   2.0590000e+03
   2.0570000e+03   2.0610000e+03
   2.0570000e+03   2.0630000e+03
   2.0570000e+03   2.0640000e+03
   2.0580000e+03   2.0630000e+03
   2.0570000e+03   2.0630000e+03
   2.0570000e+03   2.0630000e+03
   2.0610000e+03   2.0640000e+03
   2.0570000e+03   2.0670000e+03
   2.0570000e+03   2.0720000e+03
   2.0630000e+03   2.0740000e+03
   2.0570000e+03   2.0760000e+03
   2.0580000e+03   2.0740000e+03
   2.0570000e+03   2.0720000e+03
   2.0570000e+03   2.0700000e+03
   2.0580000e+03   2.0700000e+03
   2.0570000e+03   2.0680000e+03
   2.0580000e+03   2.0710000e+03
   2.0570000e+03   2.0680000e+03
   2.0580000e+03   2.0670000e+03
   2.0570000e+03   2.0670000e+03
   2.0570000e+03   2.0690000e+03
   2.0570000e+03   2.0700000e+03
   2.0600000e+03   2.0710000e+03
   2.0570000e+03   2.0690000e+03
   2.0570000e+03   2.0660000e+03
   2.0570000e+03   2.0630000e+03
   2.0570000e+03   2.0640000e+03
   2.0580000e+03   2.0660000e+03
   2.0570000e+03   2.0700000e+03
   2.0580000e+03   2.0710000e+03
   2.0570000e+03   2.0730000e+03
   2.0570000e+03   2.0710000e+03
   2.0570000e+03   2.0710000e+03
   2.0580000e+03   2.0690000e+03
   2.0570000e+03   2.0700000e+03
   2.0580000e+03   2.0680000e+03
   2.0570000e+03   2.0670000e+03
   2.0580000e+03   2.0650000e+03
   2.0570000e+03   2.0640000e+03
   2.0570000e+03   2.0660000e+03
   2.0540000e+03   2.0680000e+03
   2.0580000e+03   2.0700000e+03
   2.0570000e+03   2.0710000e+03
   2.0570000e+03   2.0700000e+03
   2.0570000e+03   2.0700000e+03
   2.0580000e+03   2.0720000e+03
   2.0570000e+03   2.0660000e+03
   2.0580000e+03   2.0650000e+03
   2.0570000e+03   2.0660000e+03
   2.0580000e+03   2.0650000e+03
   2.0570000e+03   2.0660000e+03
   2.0580000e+03   2.0660000e+03
   2.0570000e+03   2.0660000e+03
   2.0580000e+03   2.0660000e+03
   2.0570000e+03   2.0660000e+03
   2.0580000e+03   2.0670000e+03
   2.0580000e+03   2.0660000e+03
   2.0580000e+03   2.0660000e+03
   2.0570000e+03   2.0640000e+03
   2.0580000e+03   2.0650000e+03
   2.0570000e+03   2.0650000e+03
   2.0580000e+03   2.0660000e+03
   2.0570000e+03   2.0630000e+03
   2.0580000e+03   2.0690000e+03
   2.0580000e+03   2.0670000e+03
   2.0570000e+03   2.0680000e+03
   2.0580000e+03   2.0660000e+03
   2.0580000e+03   2.0670000e+03
   2.0580000e+03   2.0660000e+03
   2.0570000e+03   2.0660000e+03
   2.0580000e+03   2.0650000e+03
   2.0570000e+03   2.0640000e+03
   2.0570000e+03   2.0630000e+03
   2.0570000e+03   2.0640000e+03
   2.0570000e+03   2.0640000e+03
   2.0580000e+03   2.0650000e+03
   2.0570000e+03   2.0650000e+03
   2.0570000e+03   2.0650000e+03
   2.0570000e+03   2.0650000e+03
   2.0570000e+03   2.0660000e+03
   2.0570000e+03   2.0650000e+03
   2.0570000e+03   2.0660000e+03
   2.0570000e+03   2.0650000e+03
   2.0570000e+03   2.0640000e+03
   2.0580000e+03   2.0640000e+03
   2.0570000e+03   2.0630000e+03
   2.0580000e+03   2.0610000e+03
   2.0570000e+03   2.0610000e+03
   2.0570000e+03   2.0610000e+03
   2.0570000e+03   2.0620000e+03
   2.0570000e+03   2.0620000e+03
   2.0580000e+03   2.0630000e+03
   2.0570000e+03   2.0620000e+03
   2.0570000e+03   2.0630000e+03
   2.0590000e+03   2.0630000e+03
   2.0570000e+03   2.0630000e+03
   2.0570000e+03   2.0620000e+03
   2.0570000e+03   2.0620000e+03
   2.0580000e+03   2.0610000e+03
   2.0570000e+03   2.0620000e+03
   2.0580000e+03   2.0630000e+03
   2.0570000e+03   2.0650000e+03
   2.0570000e+03   2.0640000e+03
   2.0570000e+03   2.0650000e+03
   2.0580000e+03   2.0640000e+03
   2.0570000e+03   2.0640000e+03
   2.0570000e+03   2.0630000e+03
   2.0570000e+03   2.0640000e+03
   2.0580000e+03   2.0630000e+03
   2.0570000e+03   2.0640000e+03
   2.0580000e+03   2.0620000e+03
   2.0570000e+03   2.0630000e+03
   2.0580000e+03   2.0620000e+03
   2.0560000e+03   2.0620000e+03
   2.0580000e+03   2.0630000e+03
   2.0580000e+03   2.0620000e+03
   2.0580000e+03   2.0620000e+03
   2.0570000e+03   2.0610000e+03
   2.0570000e+03   2.0610000e+03
   2.0560000e+03   2.0600000e+03
   2.0570000e+03   2.0590000e+03
   2.0570000e+03   2.0590000e+03
   2.0580000e+03   2.0600000e+03
   2.0570000e+03   2.0590000e+03
   2.0570000e+03   2.0600000e+03
   2.0550000e+03   2.0600000e+03
   2.0570000e+03   2.0610000e+03
   2.0570000e+03   2.0600000e+03
   2.0570000e+03   2.0610000e+03
   2.0570000e+03   2.0610000e+03
   2.0570000e+03   2.0620000e+03
   2.0580000e+03   2.0610000e+03
   2.0570000e+03   2.0620000e+03
   2.0570000e+03   2.0620000e+03
   2.0580000e+03   2.0630000e+03
   2.0560000e+03   2.0610000e+03
   2.0570000e+03   2.0580000e+03
   2.0570000e+03   2.0610000e+03
   2.0570000e+03   2.0610000e+03
   2.0570000e+03   2.0600000e+03
   2.0570000e+03   2.0610000e+03
   2.0570000e+03   2.0600000e+03
   2.0570000e+03   2.0610000e+03
   2.0570000e+03   2.0600000e+03
   2.0570000e+03   2.0610000e+03
   2.0570000e+03   2.0600000e+03
   2.0570000e+03   2.0610000e+03
   2.0580000e+03   2.0610000e+03
   2.0570000e+03   2.0610000e+03
   2.0580000e+03   2.0610000e+03
   2.0570000e+03   2.0610000e+03
   2.0580000e+03   2.0600000e+03
   2.0570000e+03   2.0600000e+03
   2.0580000e+03   2.0590000e+03
   2.0570000e+03   2.0590000e+03
   2.0570000e+03   2.0580000e+03
   2.0560000e+03   2.0590000e+03
   2.0570000e+03   2.0580000e+03
   2.0570000e+03   2.0580000e+03
   2.0580000e+03   2.0570000e+03
   2.0570000e+03   2.0570000e+03
   2.0580000e+03   2.0580000e+03
   2.0570000e+03   2.0580000e+03
   2.0570000e+03   2.0580000e+03
   2.0570000e+03   2.0580000e+03
   2.0580000e+03   2.0580000e+03
   2.0570000e+03   2.0590000e+03
   2.0580000e+03   2.0590000e+03
   2.0570000e+03   2.0600000e+03
   2.0580000e+03   2.0590000e+03
   2.0570000e+03   2.0600000e+03
   2.0590000e+03   2.0590000e+03
   2.0570000e+03   2.0600000e+03
   2.0580000e+03   2.0590000e+03
   2.0570000e+03   2.0600000e+03
   2.0580000e+03   2.0600000e+03
   2.0570000e+03   2.0590000e+03
   2.0630000e+03   2.0600000e+03
   2.0570000e+03   2.0600000e+03
   2.0580000e+03   2.0610000e+03
   2.0570000e+03   2.0600000e+03
   2.0570000e+03   2.0600000e+03
   2.0570000e+03   2.0590000e+03
   2.0570000e+03   2.0590000e+03
   2.0570000e+03   2.0590000e+03
   2.0570000e+03   2.0590000e+03
   2.0580000e+03   2.0590000e+03
   2.0570000e+03   2.0590000e+03
   2.0570000e+03   2.0580000e+03
   2.0570000e+03   2.0580000e+03
   2.0570000e+03   2.0580000e+03
   2.0580000e+03   2.0640000e+03
   2.0580000e+03   2.0580000e+03
   2.0580000e+03   2.0580000e+03
   2.0570000e+03   2.0570000e+03
   2.0570000e+03   2.0580000e+03
   2.0580000e+03   2.0580000e+03
   2.0570000e+03   2.0580000e+03
   2.0580000e+03   2.0570000e+03
   2.0570000e+03   2.0580000e+03
   2.0570000e+03   2.0570000e+03
   2.0570000e+03   2.0610000e+03
   2.0570000e+03   2.0570000e+03
   2.0570000e+03   2.0580000e+03
   2.0580000e+03   2.0580000e+03
   2.0580000e+03   2.0580000e+03
   2.0580000e+03   2.0610000e+03
   2.0570000e+03   2.0580000e+03
   2.0620000e+03   2.0580000e+03
   2.0580000e+03   2.0590000e+03
   2.0590000e+03   2.0590000e+03
   2.0570000e+03   2.0590000e+03
   2.0570000e+03   2.0580000e+03
   2.0570000e+03   2.0590000e+03
   2.0570000e+03   2.0590000e+03
   2.0570000e+03   2.0600000e+03
   2.0570000e+03   2.0590000e+03
   2.0570000e+03   2.0600000e+03
   2.0580000e+03   2.0590000e+03
   2.0570000e+03   2.0590000e+03
   2.0570000e+03   2.0580000e+03
   2.0570000e+03   2.0580000e+03
   2.0580000e+03   2.0580000e+03
   2.0570000e+03   2.0580000e+03
   2.0580000e+03   2.0570000e+03
   2.0580000e+03   2.0560000e+03
   2.0580000e+03   2.0560000e+03
   2.0570000e+03   2.0570000e+03
   2.0580000e+03   2.0570000e+03
   2.0570000e+03   2.0570000e+03
   2.0580000e+03   2.0560000e+03
   2.0570000e+03   2.0560000e+03
   2.0580000e+03   2.0570000e+03
   2.0570000e+03   2.0580000e+03
   2.0580000e+03   2.0560000e+03
   2.0570000e+03   2.0550000e+03
   2.0580000e+03   2.0570000e+03
   2.0570000e+03   2.0580000e+03
   2.0580000e+03   2.0580000e+03
   2.0570000e+03   2.0570000e+03
   2.0570000e+03   2.0570000e+03
   2.0570000e+03   2.0570000e+03
   2.0570000e+03   2.0590000e+03
   2.0570000e+03   2.0580000e+03
   2.0580000e+03   2.0590000e+03
   2.0580000e+03   2.0590000e+03
   2.0570000e+03   2.0590000e+03
   2.0570000e+03   2.0580000e+03
   2.0570000e+03   2.0590000e+03
   2.0570000e+03   2.0580000e+03
   2.0580000e+03   2.0590000e+03
   2.0570000e+03   2.0590000e+03
   2.0580000e+03   2.0590000e+03
   2.0570000e+03   2.0580000e+03
   2.0570000e+03   2.0580000e+03
   2.0600000e+03   2.0580000e+03
   2.0570000e+03   2.0580000e+03
   2.0570000e+03   2.0570000e+03
   2.0570000e+03   2.0570000e+03
   2.0570000e+03   2.0570000e+03
   2.0580000e+03   2.0580000e+03
   2.0570000e+03   2.0570000e+03
   2.0570000e+03   2.0560000e+03
   2.0570000e+03   2.0570000e+03
   2.0570000e+03   2.0570000e+03
   2.0570000e+03   2.0570000e+03
   2.0570000e+03   2.0570000e+03
   2.0570000e+03   2.0560000e+03
   2.0580000e+03   2.0570000e+03
   2.0570000e+03   2.0560000e+03
   2.0570000e+03   2.0570000e+03
   2.0580000e+03   2.0560000e+03
   2.0580000e+03   2.0570000e+03
   2.0570000e+03   2.0570000e+03
   2.0570000e+03   2.0570000e+03
   2.0570000e+03   2.0570000e+03
   2.0570000e+03   2.0570000e+03
   2.0570000e+03   2.0560000e+03
   2.0570000e+03   2.0570000e+03
   2.0580000e+03   2.0570000e+03
   2.0570000e+03   2.0580000e+03
   2.0580000e+03   2.0570000e+03
   2.0570000e+03   2.0580000e+03
   2.0580000e+03   2.0580000e+03
   2.0570000e+03   2.0580000e+03
   2.0570000e+03   2.0540000e+03
   2.0570000e+03   2.0590000e+03
   2.0580000e+03   2.0580000e+03
   2.0570000e+03   2.0580000e+03
   2.0570000e+03   2.0570000e+03
   2.0570000e+03   2.0580000e+03
   2.0570000e+03   2.0580000e+03
   2.0570000e+03   2.0590000e+03
   2.0570000e+03   2.0570000e+03
   2.0580000e+03   2.0570000e+03
   2.0580000e+03   2.0560000e+03
   2.0570000e+03   2.0570000e+03
   2.0610000e+03   2.0560000e+03
   2.0600000e+03   2.0570000e+03
   2.0580000e+03   2.0560000e+03
   2.0580000e+03   2.0560000e+03
   2.0580000e+03   2.0560000e+03
   2.0570000e+03   2.0550000e+03
   2.0620000e+03   2.0560000e+03
   2.0570000e+03   2.0560000e+03
   2.0580000e+03   2.0570000e+03
   2.0570000e+03   2.0560000e+03
   2.0580000e+03   2.0570000e+03
   2.0570000e+03   2.0560000e+03
   2.0570000e+03   2.0570000e+03
   2.0570000e+03   2.0570000e+03
   2.0580000e+03   2.0580000e+03
   2.0570000e+03   2.0570000e+03
   2.0570000e+03   2.0580000e+03
   2.0570000e+03   2.0580000e+03
   2.0570000e+03   2.0590000e+03
   2.0570000e+03   2.0580000e+03
   2.0570000e+03   2.0580000e+03
   2.0570000e+03   2.0570000e+03
   2.0570000e+03   2.0580000e+03
   2.0570000e+03   2.0570000e+03
   2.0570000e+03   2.0580000e+03
   2.0580000e+03   2.0570000e+03
   2.0570000e+03   2.0580000e+03
   2.0570000e+03   2.0570000e+03
   2.0570000e+03   2.0580000e+03
   2.0570000e+03   2.0560000e+03
   2.0580000e+03   2.0570000e+03
   2.0570000e+03   2.0560000e+03
   2.0570000e+03   2.0570000e+03
   2.0570000e+03   2.0570000e+03
   2.0640000e+03   2.0560000e+03
   2.0570000e+03   2.0560000e+03
   2.0580000e+03   2.0570000e+03
   2.0560000e+03   2.0560000e+03
   2.0570000e+03   2.0580000e+03
   2.0580000e+03   2.0560000e+03
   2.0570000e+03   2.0560000e+03
   2.0580000e+03   2.0560000e+03
   2.0570000e+03   2.0570000e+03
   2.0570000e+03   2.0540000e+03
   2.0570000e+03   2.0560000e+03
   2.0570000e+03   2.0560000e+03
   2.0570000e+03   2.0560000e+03
   2.0580000e+03   2.0560000e+03
   2.0580000e+03   2.0570000e+03
   2.0580000e+03   2.0570000e+03
   2.0570000e+03   2.0570000e+03
   2.0570000e+03   2.0560000e+03
   2.0580000e+03   2.0570000e+03
   2.0580000e+03   2.0570000e+03
   2.0570000e+03   2.0570000e+03
   2.0580000e+03   2.0570000e+03
   2.0570000e+03   2.0580000e+03
   2.0580000e+03   2.0570000e+03
   2.0570000e+03   2.0580000e+03
   2.0580000e+03   2.0580000e+03
   2.0570000e+03   2.0590000e+03
   2.0580000e+03   2.0570000e+03
   2.0620000e+03   2.0580000e+03
   2.0580000e+03   2.0560000e+03
   2.0570000e+03   2.0570000e+03
   2.0580000e+03   2.0570000e+03
   2.0570000e+03   2.0560000e+03
   2.0570000e+03   2.0560000e+03
   2.0580000e+03   2.0570000e+03
   2.0580000e+03   2.0560000e+03
   2.0570000e+03   2.0550000e+03
   2.0580000e+03   2.0560000e+03
   2.0570000e+03   2.0560000e+03
   2.0570000e+03   2.0560000e+03
   2.0570000e+03   2.0550000e+03
   2.0570000e+03   2.0560000e+03
   2.0580000e+03   2.0550000e+03
   2.0580000e+03   2.0560000e+03
   2.0570000e+03   2.0560000e+03
   2.0580000e+03   2.0560000e+03
   2.0570000e+03   2.0550000e+03
   2.0570000e+03   2.0560000e+03
   2.0560000e+03   2.0560000e+03
   2.0580000e+03   2.0570000e+03
   2.0570000e+03   2.0560000e+03
   2.0580000e+03   2.0570000e+03
   2.0570000e+03   2.0570000e+03
   2.0570000e+03   2.0570000e+03
   2.0570000e+03   2.0570000e+03
   2.0570000e+03   2.0580000e+03
   2.0580000e+03   2.0570000e+03
   2.0570000e+03   2.0580000e+03
   2.0570000e+03   2.0570000e+03
   2.0570000e+03   2.0570000e+03
   2.0570000e+03   2.0570000e+03
   2.0570000e+03   2.0580000e+03
   2.0570000e+03   2.0570000e+03
   2.0570000e+03   2.0580000e+03
   2.0570000e+03   2.0570000e+03
   2.0560000e+03   2.0580000e+03
   2.0570000e+03   2.0560000e+03
   2.0570000e+03   2.0570000e+03
   2.0580000e+03   2.0560000e+03
   2.0560000e+03   2.0560000e+03
   2.0570000e+03   2.0550000e+03
   2.0570000e+03   2.0560000e+03
   2.0570000e+03   2.0560000e+03
   2.0570000e+03   2.0560000e+03
   2.0580000e+03   2.0560000e+03
   2.0570000e+03   2.0560000e+03
   2.0570000e+03   2.0550000e+03
   2.0570000e+03   2.0560000e+03
   2.0580000e+03   2.0560000e+03
   2.0570000e+03   2.0560000e+03
   2.0580000e+03   2.0560000e+03
   2.0570000e+03   2.0560000e+03
   2.0580000e+03   2.0560000e+03
   2.0570000e+03   2.0560000e+03
   2.0570000e+03   2.0550000e+03
   2.0580000e+03   2.0570000e+03
   2.0570000e+03   2.0570000e+03
   2.0570000e+03   2.0520000e+03
   2.0580000e+03   2.0560000e+03
   2.0580000e+03   2.0560000e+03
   2.0580000e+03   2.0570000e+03
   2.0570000e+03   2.0550000e+03
   2.0580000e+03   2.0570000e+03
   2.0570000e+03   2.0580000e+03
   2.0580000e+03   2.0560000e+03
   2.0570000e+03   2.0570000e+03
   2.0570000e+03   2.0570000e+03
   2.0570000e+03   2.0570000e+03
   2.0580000e+03   2.0580000e+03
   2.0570000e+03   2.0580000e+03
   2.0570000e+03   2.0570000e+03
   2.0570000e+03   2.0560000e+03
   2.0570000e+03   2.0570000e+03
   2.0570000e+03   2.0560000e+03
   2.0580000e+03   2.0570000e+03
   2.0570000e+03   2.0560000e+03
   2.0570000e+03   2.0560000e+03
   2.0570000e+03   2.0550000e+03
   2.0570000e+03   2.0570000e+03
   2.0570000e+03   2.0570000e+03
   2.0570000e+03   2.0560000e+03
   2.0570000e+03   2.0560000e+03
   2.0580000e+03   2.0560000e+03
   2.0570000e+03   2.0540000e+03
   2.0580000e+03   2.0560000e+03
   2.0570000e+03   2.0560000e+03
   2.0580000e+03   2.0570000e+03
   2.0570000e+03   2.0560000e+03
   2.0570000e+03   2.0560000e+03
   2.0570000e+03   2.0560000e+03
   2.0570000e+03   2.0570000e+03
   2.0570000e+03   2.0570000e+03
   2.0570000e+03   2.0570000e+03
   2.0570000e+03   2.0570000e+03
   2.0570000e+03   2.0570000e+03
   2.0570000e+03   2.0570000e+03
   2.0580000e+03   2.0580000e+03
   2.0580000e+03   2.0570000e+03
   2.0570000e+03   2.0580000e+03
   2.0580000e+03   2.0570000e+03
   2.0570000e+03   2.0570000e+03
   2.0580000e+03   2.0570000e+03
   2.0570000e+03   2.0570000e+03
   2.0580000e+03   2.0570000e+03
   2.0570000e+03   2.0570000e+03
   2.0580000e+03   2.0570000e+03
   2.0580000e+03   2.0570000e+03
   2.0580000e+03   2.0560000e+03
   2.0570000e+03   2.0570000e+03
   2.0580000e+03   2.0560000e+03
   2.0570000e+03   2.0570000e+03
   2.0580000e+03   2.0560000e+03
   2.0570000e+03   2.0560000e+03
   2.0570000e+03   2.0550000e+03
   2.0570000e+03   2.0560000e+03
   2.0580000e+03   2.0560000e+03
   2.0570000e+03   2.0560000e+03
   2.0580000e+03   2.0560000e+03
   2.0570000e+03   2.0560000e+03
   2.0580000e+03   2.0550000e+03
   2.0570000e+03   2.0560000e+03
   2.0580000e+03   2.0560000e+03
   2.0570000e+03   2.0570000e+03
   2.0570000e+03   2.0560000e+03
   2.0570000e+03   2.0570000e+03
   2.0580000e+03   2.0570000e+03
   2.0570000e+03   2.0570000e+03
   2.0580000e+03   2.0570000e+03
   2.0570000e+03   2.0560000e+03
   2.0570000e+03   2.0560000e+03
   2.0570000e+03   2.0560000e+03
   2.0580000e+03   2.0570000e+03
   2.0570000e+03   2.0560000e+03
   2.0570000e+03   2.0570000e+03
   2.0570000e+03   2.0570000e+03
   2.0570000e+03   2.0580000e+03
   2.0580000e+03   2.0570000e+03
   2.0570000e+03   2.0570000e+03
   2.0570000e+03   2.0570000e+03
   2.0570000e+03   2.0580000e+03
   2.0580000e+03   2.0570000e+03
   2.0570000e+03   2.0580000e+03
   2.0570000e+03   2.0570000e+03
   2.0570000e+03   2.0570000e+03
   2.0530000e+03   2.0570000e+03
   2.0570000e+03   2.0570000e+03
   2.0570000e+03   2.0560000e+03
   2.0570000e+03   2.0570000e+03
   2.0570000e+03   2.0540000e+03
   2.0580000e+03   2.0560000e+03
   2.0570000e+03   2.0560000e+03
   2.0580000e+03   2.0560000e+03
   2.0580000e+03   2.0560000e+03
   2.0570000e+03   2.0560000e+03
   2.0570000e+03   2.0560000e+03
   2.0570000e+03   2.0560000e+03
   2.0580000e+03   2.0560000e+03
   2.0580000e+03   2.0560000e+03
   2.0570000e+03   2.0560000e+03
   2.0570000e+03   2.0570000e+03
   2.0570000e+03   2.0560000e+03
   2.0580000e+03   2.0570000e+03
   2.0580000e+03   2.0530000e+03
   2.0570000e+03   2.0570000e+03
   2.0580000e+03   2.0580000e+03
   2.0580000e+03   2.0570000e+03
   2.0590000e+03   2.0580000e+03
   2.0570000e+03   2.0580000e+03
   2.0570000e+03   2.0580000e+03
   2.0560000e+03   2.0580000e+03
   2.0580000e+03   2.0570000e+03
   2.0570000e+03   2.0580000e+03
   2.0580000e+03   2.0570000e+03
   2.0570000e+03   2.0580000e+03
   2.0580000e+03   2.0570000e+03
   2.0570000e+03   2.0580000e+03
   2.0580000e+03   2.0570000e+03
   2.0570000e+03   2.0570000e+03
   2.0580000e+03   2.0560000e+03
   2.0580000e+03   2.0570000e+03
   2.0580000e+03   2.0560000e+03
   2.0570000e+03   2.0560000e+03
   2.0580000e+03   2.0560000e+03
   2.0570000e+03   2.0560000e+03
   2.0580000e+03   2.0560000e+03
   2.0570000e+03   2.0570000e+03
   2.0590000e+03   2.0560000e+03
   2.0570000e+03   2.0570000e+03
   2.0580000e+03   2.0550000e+03
   2.0570000e+03   2.0560000e+03
   2.0580000e+03   2.0560000e+03
   2.0580000e+03   2.0560000e+03
   2.0570000e+03   2.0570000e+03
   2.0580000e+03   2.0560000e+03
   2.0580000e+03   2.0560000e+03
   2.0570000e+03   2.0570000e+03
   2.0570000e+03   2.0570000e+03
   2.0570000e+03   2.0560000e+03
   2.0580000e+03   2.0580000e+03
   2.0570000e+03   2.0570000e+03
   2.0570000e+03   2.0580000e+03
   2.0560000e+03   2.0570000e+03
   2.0580000e+03   2.0580000e+03
   2.0570000e+03   2.0570000e+03
   2.0570000e+03   2.0570000e+03
   2.0570000e+03   2.0570000e+03
   2.0580000e+03   2.0590000e+03
   2.0570000e+03   2.0580000e+03
   2.0570000e+03   2.0580000e+03
   2.0570000e+03   2.0570000e+03
   2.0570000e+03   2.0580000e+03
   2.0570000e+03   2.0570000e+03
   2.0570000e+03   2.0540000e+03
   2.0570000e+03   2.0570000e+03
   2.0570000e+03   2.0570000e+03
   2.0570000e+03   2.0580000e+03
   2.0570000e+03   2.0570000e+03
   2.0570000e+03   2.0570000e+03
   2.0570000e+03   2.0570000e+03
   2.0620000e+03   2.0550000e+03
   2.0570000e+03   2.0560000e+03
   2.0570000e+03   2.0560000e+03
   2.0570000e+03   2.0560000e+03
   2.0590000e+03   2.0550000e+03
   2.0570000e+03   2.0570000e+03
   2.0580000e+03   2.0560000e+03
   2.0570000e+03   2.0560000e+03
   2.0580000e+03   2.0550000e+03
   2.0570000e+03   2.0570000e+03
   2.0580000e+03   2.0560000e+03
   2.0570000e+03   2.0570000e+03
   2.0580000e+03   2.0570000e+03
   2.0570000e+03   2.0580000e+03
   2.0580000e+03   2.0580000e+03
   2.0580000e+03   2.0590000e+03
   2.0570000e+03   2.0570000e+03
   2.0560000e+03   2.0580000e+03
   2.0590000e+03   2.0570000e+03
   2.0570000e+03   2.0590000e+03
   2.0580000e+03   2.0580000e+03
   2.0570000e+03   2.0590000e+03
   2.0580000e+03   2.0580000e+03
   2.0570000e+03   2.0580000e+03
   2.0580000e+03   2.0580000e+03
   2.0570000e+03   2.0580000e+03
   2.0580000e+03   2.0580000e+03
   2.0580000e+03   2.0590000e+03
   2.0570000e+03   2.0570000e+03
   2.0570000e+03   2.0570000e+03
   2.0580000e+03   2.0570000e+03
   2.0570000e+03   2.0570000e+03
   2.0580000e+03   2.0560000e+03
   2.0570000e+03   2.0560000e+03
   2.0580000e+03   2.0560000e+03
   2.0570000e+03   2.0570000e+03
   2.0570000e+03   2.0560000e+03
   2.0570000e+03   2.0560000e+03
   2.0570000e+03   2.0570000e+03
   2.0570000e+03   2.0560000e+03
   2.0570000e+03   2.0570000e+03
   2.0570000e+03   2.0560000e+03
   2.0570000e+03   2.0530000e+03
   2.0570000e+03   2.0570000e+03
   2.0570000e+03   2.0630000e+03
   2.0570000e+03   2.0570000e+03
   2.0570000e+03   2.0570000e+03
   2.0570000e+03   2.0570000e+03
   2.0570000e+03   2.0580000e+03
   2.0570000e+03   2.0580000e+03
   2.0580000e+03   2.0590000e+03
   2.0570000e+03   2.0580000e+03
   2.0580000e+03   2.0590000e+03
   2.0570000e+03   2.0570000e+03
   2.0570000e+03   2.0620000e+03
   2.0580000e+03   2.0580000e+03
   2.0530000e+03   2.0580000e+03
   2.0570000e+03   2.0580000e+03
   2.0580000e+03   2.0580000e+03
   2.0570000e+03   2.0580000e+03
   2.0580000e+03   2.0590000e+03
   2.0610000e+03   2.0590000e+03
   2.0570000e+03   2.0580000e+03
   2.0580000e+03   2.0570000e+03
   2.0580000e+03   2.0630000e+03
   2.0570000e+03   2.0560000e+03
   2.0570000e+03   2.0570000e+03
   2.0580000e+03   2.0560000e+03
   2.0580000e+03   2.0570000e+03
   2.0580000e+03   2.0570000e+03
   2.0580000e+03   2.0570000e+03
   2.0570000e+03   2.0560000e+03
   2.0570000e+03   2.0560000e+03
   2.0580000e+03   2.0570000e+03
   2.0570000e+03   2.0570000e+03
   2.0580000e+03   2.0560000e+03
   2.0570000e+03   2.0520000e+03
   2.0560000e+03   2.0550000e+03
   2.0570000e+03   2.0560000e+03
   2.0580000e+03   2.0560000e+03
   2.0570000e+03   2.0570000e+03
   2.0580000e+03   2.0560000e+03
   2.0570000e+03   2.0570000e+03
   2.0570000e+03   2.0570000e+03
   2.0560000e+03   2.0580000e+03
   2.0580000e+03   2.0570000e+03
   2.0580000e+03   2.0550000e+03
   2.0590000e+03   2.0580000e+03
   2.0570000e+03   2.0580000e+03
   2.0580000e+03   2.0590000e+03
   2.0560000e+03   2.0580000e+03
   2.0580000e+03   2.0580000e+03
   2.0570000e+03   2.0550000e+03
   2.0580000e+03   2.0580000e+03
   2.0580000e+03   2.0580000e+03
   2.0580000e+03   2.0580000e+03
   2.0570000e+03   2.0570000e+03
   2.0570000e+03   2.0580000e+03
   2.0570000e+03   2.0570000e+03
   2.0570000e+03   2.0580000e+03
   2.0570000e+03   2.0570000e+03
   2.0580000e+03   2.0570000e+03
   2.0570000e+03   2.0530000e+03
   2.0560000e+03   2.0570000e+03
   2.0570000e+03   2.0560000e+03
   2.0540000e+03   2.0560000e+03
   2.0570000e+03   2.0570000e+03
   2.0570000e+03   2.0570000e+03
   2.0570000e+03   2.0570000e+03
   2.0570000e+03   2.0570000e+03
   2.0580000e+03   2.0560000e+03
   2.0580000e+03   2.0570000e+03
   2.0570000e+03   2.0560000e+03
   2.0580000e+03   2.0580000e+03
   2.0570000e+03   2.0560000e+03
   2.0570000e+03   2.0580000e+03
   2.0570000e+03   2.0570000e+03
   2.0580000e+03   2.0580000e+03
   2.0570000e+03   2.0570000e+03
   2.0580000e+03   2.0580000e+03
   2.0570000e+03   2.0570000e+03
   2.0570000e+03   2.0580000e+03
   2.0570000e+03   2.0580000e+03
   2.0580000e+03   2.0580000e+03
   2.0570000e+03   2.0570000e+03
   2.0570000e+03   2.0570000e+03
   2.0570000e+03   2.0570000e+03
   2.0570000e+03   2.0580000e+03
   2.0580000e+03   2.0580000e+03
   2.0570000e+03   2.0580000e+03
   2.0580000e+03   2.0580000e+03
   2.0570000e+03   2.0580000e+03
   2.0580000e+03   2.0580000e+03
   2.0570000e+03   2.0590000e+03
   2.0580000e+03   2.0580000e+03
   2.0570000e+03   2.0580000e+03
   2.0570000e+03   2.0570000e+03
   2.0570000e+03   2.0570000e+03
   2.0580000e+03   2.0570000e+03
   2.0570000e+03   2.0570000e+03
   2.0580000e+03   2.0570000e+03
   2.0570000e+03   2.0570000e+03
   2.0570000e+03   2.0560000e+03
   2.0580000e+03   2.0570000e+03
   2.0590000e+03   2.0560000e+03
   2.0570000e+03   2.0570000e+03
   2.0580000e+03   2.0560000e+03
   2.0570000e+03   2.0570000e+03
   2.0580000e+03   2.0560000e+03
   2.0570000e+03   2.0570000e+03
   2.0580000e+03   2.0560000e+03
   2.0570000e+03   2.0570000e+03
   2.0580000e+03   2.0570000e+03
   2.0570000e+03   2.0580000e+03
   2.0580000e+03   2.0580000e+03
   2.0580000e+03   2.0590000e+03
   2.0560000e+03   2.0580000e+03
   2.0570000e+03   2.0590000e+03
   2.0570000e+03   2.0580000e+03
   2.0580000e+03   2.0580000e+03
   2.0570000e+03   2.0580000e+03
   2.0570000e+03   2.0570000e+03
   2.0580000e+03   2.0590000e+03
   2.0570000e+03   2.0590000e+03
   2.0580000e+03   2.0600000e+03
   2.0580000e+03   2.0580000e+03
   2.0570000e+03   2.0580000e+03
   2.0580000e+03   2.0580000e+03
   2.0580000e+03   2.0590000e+03
   2.0570000e+03   2.0580000e+03
   2.0580000e+03   2.0570000e+03
   2.0570000e+03   2.0570000e+03
   2.0570000e+03   2.0570000e+03
   2.0570000e+03   2.0570000e+03
   2.0570000e+03   2.0570000e+03
   2.0570000e+03   2.0560000e+03
   2.0570000e+03   2.0570000e+03
   2.0570000e+03   2.0560000e+03
   2.0580000e+03   2.0570000e+03
   2.0570000e+03   2.0560000e+03
   2.0580000e+03   2.0570000e+03
   2.0570000e+03   2.0570000e+03
   2.0570000e+03   2.0570000e+03
   2.0570000e+03   2.0570000e+03
   2.0570000e+03   2.0570000e+03
   2.0570000e+03   2.0570000e+03
   2.0570000e+03   2.0570000e+03
   2.0580000e+03   2.0570000e+03
   2.0570000e+03   2.0580000e+03
   2.0570000e+03   2.0570000e+03
   2.0570000e+03   2.0580000e+03
   2.0560000e+03   2.0590000e+03
   2.0570000e+03   2.0590000e+03
   2.0570000e+03   2.0580000e+03
   2.0570000e+03   2.0580000e+03
   2.0580000e+03   2.0580000e+03
   2.0580000e+03   2.0580000e+03
   2.0570000e+03   2.0570000e+03
   2.0570000e+03   2.0580000e+03
   2.0570000e+03   2.0580000e+03
   2.0570000e+03   2.0590000e+03
   2.0580000e+03   2.0590000e+03
   2.0570000e+03   2.0580000e+03
   2.0580000e+03   2.0580000e+03
   2.0580000e+03   2.0580000e+03
   2.0580000e+03   2.0580000e+03
   2.0570000e+03   2.0570000e+03
   2.0540000e+03   2.0570000e+03
   2.0580000e+03   2.0580000e+03
   2.0580000e+03   2.0580000e+03
   2.0570000e+03   2.0580000e+03
   2.0580000e+03   2.0580000e+03
   2.0570000e+03   2.0570000e+03
   2.0580000e+03   2.0570000e+03
   2.0570000e+03   2.0560000e+03
   2.0580000e+03   2.0570000e+03
   2.0570000e+03   2.0570000e+03
   2.0570000e+03   2.0570000e+03
   2.0570000e+03   2.0570000e+03
   2.0580000e+03   2.0560000e+03
   2.0570000e+03   2.0570000e+03
   2.0580000e+03   2.0570000e+03
   2.0570000e+03   2.0560000e+03
   2.0570000e+03   2.0570000e+03
   2.0570000e+03   2.0570000e+03
   2.0580000e+03   2.0580000e+03
   2.0570000e+03   2.0580000e+03
   2.0580000e+03   2.0590000e+03
   2.0570000e+03   2.0580000e+03
   2.0570000e+03   2.0590000e+03
   2.0570000e+03   2.0570000e+03
   2.0570000e+03   2.0590000e+03
   2.0570000e+03   2.0580000e+03
   2.0570000e+03   2.0590000e+03
   2.0570000e+03   2.0580000e+03
   2.0580000e+03   2.0590000e+03
   2.0570000e+03   2.0590000e+03
   2.0570000e+03   2.0590000e+03
   2.0580000e+03   2.0580000e+03
   2.0570000e+03   2.0580000e+03
   2.0560000e+03   2.0570000e+03
   2.0580000e+03   2.0570000e+03
   2.0570000e+03   2.0570000e+03
   2.0570000e+03   2.0570000e+03
   2.0570000e+03   2.0560000e+03
   2.0570000e+03   2.0570000e+03
   2.0570000e+03   2.0570000e+03
   2.0580000e+03   2.0570000e+03
   2.0570000e+03   2.0570000e+03
   2.0580000e+03   2.0570000e+03
   2.0570000e+03   2.0560000e+03
   2.0580000e+03   2.0570000e+03
   2.0570000e+03   2.0570000e+03
   2.0570000e+03   2.0570000e+03
   2.0580000e+03   2.0570000e+03
   2.0570000e+03   2.0570000e+03
   2.0580000e+03   2.0570000e+03
   2.0570000e+03   2.0580000e+03
   2.0580000e+03   2.0570000e+03
   2.0570000e+03   2.0580000e+03
   2.0580000e+03   2.0570000e+03
   2.0570000e+03   2.0580000e+03
   2.0570000e+03   2.0580000e+03
   2.0570000e+03   2.0580000e+03
   2.0570000e+03   2.0570000e+03
   2.0570000e+03   2.0570000e+03
   2.0580000e+03   2.0570000e+03
   2.0570000e+03   2.0580000e+03
   2.0580000e+03   2.0580000e+03
   2.0570000e+03   2.0580000e+03
   2.0580000e+03   2.0580000e+03
   2.0570000e+03   2.0590000e+03
   2.0570000e+03   2.0570000e+03
   2.0580000e+03   2.0580000e+03
   2.0580000e+03   2.0580000e+03
   2.0570000e+03   2.0560000e+03
   2.0580000e+03   2.0580000e+03
   2.0570000e+03   2.0580000e+03
   2.0580000e+03   2.0580000e+03
   2.0570000e+03   2.0570000e+03
   2.0580000e+03   2.0570000e+03
   2.0570000e+03   2.0570000e+03
   2.0580000e+03   2.0570000e+03
   2.0560000e+03   2.0570000e+03
   2.0580000e+03   2.0570000e+03
   2.0580000e+03   2.0570000e+03
   2.0570000e+03   2.0570000e+03
   2.0570000e+03   2.0560000e+03
   2.0580000e+03   2.0570000e+03
   2.0570000e+03   2.0570000e+03
   2.0580000e+03   2.0560000e+03
   2.0570000e+03   2.0560000e+03
   2.0580000e+03   2.0570000e+03
   2.0570000e+03   2.0560000e+03
   2.0580000e+03   2.0570000e+03
   2.0570000e+03   2.0570000e+03
   2.0580000e+03   2.0570000e+03
   2.0570000e+03   2.0570000e+03
   2.0570000e+03   2.0580000e+03
   2.0570000e+03   2.0570000e+03
   2.0580000e+03   2.0580000e+03
   2.0580000e+03   2.0570000e+03
   2.0570000e+03   2.0590000e+03
   2.0570000e+03   2.0570000e+03
   2.0580000e+03   2.0580000e+03
   2.0580000e+03   2.0580000e+03
   2.0580000e+03   2.0580000e+03
   2.0570000e+03   2.0570000e+03
   2.0580000e+03   2.0580000e+03
   2.0570000e+03   2.0570000e+03
   2.0570000e+03   2.0570000e+03
   2.0570000e+03   2.0570000e+03
   2.0580000e+03   2.0570000e+03
   2.0570000e+03   2.0560000e+03
   2.0570000e+03   2.0570000e+03
   2.0560000e+03   2.0560000e+03
   2.0570000e+03   2.0560000e+03
   2.0580000e+03   2.0560000e+03
   2.0570000e+03   2.0580000e+03
   2.0580000e+03   2.0570000e+03
   2.0570000e+03   2.0570000e+03
   2.0580000e+03   2.0560000e+03
   2.0570000e+03   2.0580000e+03
   2.0580000e+03   2.0570000e+03
   2.0570000e+03   2.0570000e+03
   2.0580000e+03   2.0570000e+03
   2.0570000e+03   2.0580000e+03
   2.0580000e+03   2.0580000e+03
   2.0570000e+03   2.0580000e+03
   2.0570000e+03   2.0580000e+03
   2.0570000e+03   2.0580000e+03
   2.0570000e+03   2.0570000e+03
